Year Mon Day DOY hour Heit(km) Lat  Lon Oden(cm-3) N2den(cm-3) O2den(cm-3) air(gm/cm3) T(K) exoT(K) Heden(cm-3)Arden(cm-3) Hden(cm-3) Nden(cm-3) F107 F107a apdaily  ap0-3 ap3-6 ap6-9 ap9-12 ap12-33 ap33-59
2020  9 22 266 12.00    0.0    0.0   90.0  9.999E-38  1.889E+19  5.065E+18 1.163E-03  300.2   837  1.258E+14  2.257E+17  9.999E-38  9.999E-38   71.4   72.9    5.2    3.0    6.0    7.0   12.0    2.2    3.2
2020  9 22 266 12.00    5.0    0.0   90.0  9.999E-38  1.148E+19  3.079E+18 7.068E-04  272.2   837  7.646E+13  1.372E+17  9.999E-38  9.999E-38   71.4   72.9    5.2    3.0    6.0    7.0   12.0    2.2    3.2
2020  9 22 266 12.00   10.0    0.0   90.0  9.999E-38  6.685E+18  1.793E+18 4.115E-04  242.7   837  4.452E+13  7.989E+16  9.999E-38  9.999E-38   71.4   72.9    5.2    3.0    6.0    7.0   12.0    2.2    3.2
2020  9 22 266 12.00   15.0    0.0   90.0  9.999E-38  3.735E+18  1.002E+18 2.299E-04  199.2   837  2.487E+13  4.464E+16  9.999E-38  9.999E-38   71.4   72.9    5.2    3.0    6.0    7.0   12.0    2.2    3.2
2020  9 22 266 12.00   20.0    0.0   90.0  9.999E-38  1.562E+18  4.189E+17 9.616E-05  202.2   837  1.040E+13  1.867E+16  9.999E-38  9.999E-38   71.4   72.9    5.2    3.0    6.0    7.0   12.0    2.2    3.2
2020  9 22 266 12.00   25.0    0.0   90.0  9.999E-38  6.506E+17  1.745E+17 4.005E-05  216.7   837  4.333E+12  7.776E+15  9.999E-38  9.999E-38   71.4   72.9    5.2    3.0    6.0    7.0   12.0    2.2    3.2
2020  9 22 266 12.00   30.0    0.0   90.0  9.999E-38  2.903E+17  7.786E+16 1.787E-05  226.8   837  1.933E+12  3.470E+15  9.999E-38  9.999E-38   71.4   72.9    5.2    3.0    6.0    7.0   12.0    2.2    3.2
2020  9 22 266 12.00   35.0    0.0   90.0  9.999E-38  1.336E+17  3.584E+16 8.227E-06  238.5   837  8.900E+11  1.597E+15  9.999E-38  9.999E-38   71.4   72.9    5.2    3.0    6.0    7.0   12.0    2.2    3.2
2020  9 22 266 12.00   40.0    0.0   90.0  9.999E-38  6.361E+16  1.706E+16 3.915E-06  252.2   837  4.236E+11  7.602E+14  9.999E-38  9.999E-38   71.4   72.9    5.2    3.0    6.0    7.0   12.0    2.2    3.2
2020  9 22 266 12.00   45.0    0.0   90.0  9.999E-38  3.174E+16  8.511E+15 1.954E-06  263.7   837  2.114E+11  3.793E+14  9.999E-38  9.999E-38   71.4   72.9    5.2    3.0    6.0    7.0   12.0    2.2    3.2
2020  9 22 266 12.00   50.0    0.0   90.0  9.999E-38  1.675E+16  4.490E+15 1.031E-06  265.6   837  1.115E+11  2.001E+14  9.999E-38  9.999E-38   71.4   72.9    5.2    3.0    6.0    7.0   12.0    2.2    3.2
2020  9 22 266 12.00   55.0    0.0   90.0  3.646E+09  9.081E+15  2.435E+15 5.590E-07  258.9   837  6.047E+10  1.085E+14  9.999E-38  9.999E-38   71.4   72.9    5.2    3.0    6.0    7.0   12.0    2.2    3.2
2020  9 22 266 12.00   60.0    0.0   90.0  4.046E+09  4.918E+15  1.319E+15 3.028E-07  246.9   837  3.275E+10  5.878E+13  9.999E-38  9.999E-38   71.4   72.9    5.2    3.0    6.0    7.0   12.0    2.2    3.2
2020  9 22 266 12.00   65.0    0.0   90.0  3.762E+09  2.619E+15  7.024E+14 1.612E-07  230.5   837  1.744E+10  3.130E+13  9.999E-38  9.999E-38   71.4   72.9    5.2    3.0    6.0    7.0   12.0    2.2    3.2
2020  9 22 266 12.00   70.0    0.0   90.0  3.611E+09  1.348E+15  3.616E+14 8.301E-08  210.0   837  8.980E+09  1.612E+13  9.999E-38  9.999E-38   71.4   72.9    5.2    3.0    6.0    7.0   12.0    2.2    3.2
2020  9 22 266 12.00   75.0    0.0   90.0  2.711E+09  6.427E+14  1.724E+14 3.957E-08  191.6   837  4.280E+09  7.681E+12  9.999E-38  9.999E-38   71.4   72.9    5.2    3.0    6.0    7.0   12.0    2.2    3.2
2020  9 22 266 12.00   80.0    0.0   90.0  1.426E+10  2.729E+14  7.319E+13 1.680E-08  185.8   837  1.842E+09  3.262E+12  2.309E+08  9.999E-38   71.4   72.9    5.2    3.0    6.0    7.0   12.0    2.2    3.2
2020  9 22 266 12.00   85.0    0.0   90.0  1.058E+11  1.087E+14  2.914E+13 6.693E-09  194.1   837  7.757E+08  1.299E+12  1.786E+08  9.999E-38   71.4   72.9    5.2    3.0    6.0    7.0   12.0    2.2    3.2
2020  9 22 266 12.00   90.0    0.0   90.0  3.746E+11  4.664E+13  1.245E+13 2.878E-09  194.0   837  3.749E+08  5.520E+11  1.007E+08  9.999E-38   71.4   72.9    5.2    3.0    6.0    7.0   12.0    2.2    3.2
2020  9 22 266 12.00   95.0    0.0   90.0  6.070E+11  2.054E+13  5.387E+12 1.273E-09  184.5   837  2.125E+08  2.343E+11  6.110E+07  9.891E+04   71.4   72.9    5.2    3.0    6.0    7.0   12.0    2.2    3.2
2020  9 22 266 12.00  100.0    0.0   90.0  4.772E+11  8.548E+12  2.133E+12 5.295E-10  181.5   837  1.308E+08  8.821E+10  3.754E+07  1.941E+05   71.4   72.9    5.2    3.0    6.0    7.0   12.0    2.2    3.2
2020  9 22 266 12.00  105.0    0.0   90.0  2.472E+11  3.351E+12  7.699E+11 2.053E-10  193.9   837  8.589E+07  2.909E+10  2.265E+07  3.408E+05   71.4   72.9    5.2    3.0    6.0    7.0   12.0    2.2    3.2
2020  9 22 266 12.00  110.0    0.0   90.0  1.335E+11  1.297E+12  2.697E+11 7.883E-11  232.8   837  5.810E+07  9.239E+09  1.334E+07  5.557E+05   71.4   72.9    5.2    3.0    6.0    7.0   12.0    2.2    3.2
2020  9 22 266 12.00  115.0    0.0   90.0  7.705E+10  5.490E+11  1.031E+11 3.328E-11  298.4   837  3.968E+07  3.241E+09  7.771E+06  8.855E+05   71.4   72.9    5.2    3.0    6.0    7.0   12.0    2.2    3.2
2020  9 22 266 12.00  120.0    0.0   90.0  4.971E+10  2.752E+11  4.688E+10 1.670E-11  368.3   837  2.952E+07  1.369E+09  4.929E+06  1.457E+06   71.4   72.9    5.2    3.0    6.0    7.0   12.0    2.2    3.2
2020  9 22 266 12.00  125.0    0.0   90.0  3.540E+10  1.591E+11  2.472E+10 9.698E-12  427.1   837  2.374E+07  6.739E+08  3.441E+06  2.422E+06   71.4   72.9    5.2    3.0    6.0    7.0   12.0    2.2    3.2
2020  9 22 266 12.00  130.0    0.0   90.0  2.658E+10  1.002E+11  1.431E+10 6.154E-12  477.0   837  1.998E+07  3.664E+08  2.540E+06  3.878E+06   71.4   72.9    5.2    3.0    6.0    7.0   12.0    2.2    3.2
2020  9 22 266 12.00  135.0    0.0   90.0  2.062E+10  6.684E+10  8.817E+09 4.140E-12  520.7   837  1.730E+07  2.128E+08  1.949E+06  5.898E+06   71.4   72.9    5.2    3.0    6.0    7.0   12.0    2.2    3.2
2020  9 22 266 12.00  140.0    0.0   90.0  1.642E+10  4.645E+10  5.689E+09 2.908E-12  559.0   837  1.530E+07  1.297E+08  1.539E+06  8.537E+06   71.4   72.9    5.2    3.0    6.0    7.0   12.0    2.2    3.2
2020  9 22 266 12.00  145.0    0.0   90.0  1.336E+10  3.332E+10  3.808E+09 2.113E-12  592.7   837  1.374E+07  8.209E+07  1.246E+06  1.180E+07   71.4   72.9    5.2    3.0    6.0    7.0   12.0    2.2    3.2
2020  9 22 266 12.00  150.0    0.0   90.0  1.104E+10  2.450E+10  2.625E+09 1.577E-12  622.2   837  1.250E+07  5.361E+07  1.029E+06  1.555E+07   71.4   72.9    5.2    3.0    6.0    7.0   12.0    2.2    3.2
2020  9 22 266 12.00  155.0    0.0   90.0  9.237E+09  1.837E+10  1.853E+09 1.201E-12  648.2   837  1.149E+07  3.590E+07  8.652E+05  1.958E+07   71.4   72.9    5.2    3.0    6.0    7.0   12.0    2.2    3.2
2020  9 22 266 12.00  160.0    0.0   90.0  7.808E+09  1.399E+10  1.335E+09 9.314E-13  670.9   837  1.065E+07  2.455E+07  7.399E+05  2.362E+07   71.4   72.9    5.2    3.0    6.0    7.0   12.0    2.2    3.2
2020  9 22 266 12.00  165.0    0.0   90.0  6.658E+09  1.079E+10  9.779E+08 7.328E-13  690.9   837  9.941E+06  1.708E+07  6.426E+05  2.736E+07   71.4   72.9    5.2    3.0    6.0    7.0   12.0    2.2    3.2
2020  9 22 266 12.00  170.0    0.0   90.0  5.720E+09  8.419E+09  7.268E+08 5.838E-13  708.5   837  9.333E+06  1.205E+07  5.664E+05  3.053E+07   71.4   72.9    5.2    3.0    6.0    7.0   12.0    2.2    3.2
2020  9 22 266 12.00  175.0    0.0   90.0  4.945E+09  6.626E+09  5.469E+08 4.701E-13  723.9   837  8.805E+06  8.608E+06  5.061E+05  3.293E+07   71.4   72.9    5.2    3.0    6.0    7.0   12.0    2.2    3.2
2020  9 22 266 12.00  180.0    0.0   90.0  4.299E+09  5.255E+09  4.159E+08 3.820E-13  737.4   837  8.343E+06  6.212E+06  4.581E+05  3.448E+07   71.4   72.9    5.2    3.0    6.0    7.0   12.0    2.2    3.2
2020  9 22 266 12.00  185.0    0.0   90.0  3.755E+09  4.194E+09  3.191E+08 3.130E-13  749.3   837  7.935E+06  4.522E+06  4.195E+05  3.518E+07   71.4   72.9    5.2    3.0    6.0    7.0   12.0    2.2    3.2
2020  9 22 266 12.00  190.0    0.0   90.0  3.293E+09  3.367E+09  2.468E+08 2.583E-13  759.8   837  7.571E+06  3.317E+06  3.883E+05  3.511E+07   71.4   72.9    5.2    3.0    6.0    7.0   12.0    2.2    3.2
2020  9 22 266 12.00  195.0    0.0   90.0  2.897E+09  2.715E+09  1.921E+08 2.145E-13  769.0   837  7.243E+06  2.449E+06  3.630E+05  3.441E+07   71.4   72.9    5.2    3.0    6.0    7.0   12.0    2.2    3.2
2020  9 22 266 12.00  200.0    0.0   90.0  2.557E+09  2.199E+09  1.504E+08 1.792E-13  777.1   837  6.946E+06  1.818E+06  3.421E+05  3.322E+07   71.4   72.9    5.2    3.0    6.0    7.0   12.0    2.2    3.2
